0.000000,2.818604
0.010000,2.821158
0.020000,2.821158
0.030000,2.823711
0.040000,2.813498
0.050000,2.810944
0.060000,2.818604
0.070000,2.816051
0.080000,2.813498
0.090000,2.813498
0.100000,2.813498
0.110000,2.810944
0.120000,2.810944
0.130000,2.810944
0.140000,2.808391
0.150000,2.803284
0.160000,2.813498
0.170000,2.810944
0.180000,2.803284
0.190000,2.818604
0.200000,2.805838
0.210000,2.818604
0.220000,2.810944
0.230000,2.813498
0.240000,2.813498
0.250000,2.813498
0.260000,2.813498
0.270000,2.821158
0.280000,2.816051
0.290000,2.808391
0.300000,2.816051
0.310000,2.805838
0.320000,2.816051
0.330000,2.808391
0.340000,2.805838
0.350000,2.808391
0.360000,2.808391
0.370000,2.800731
0.380000,2.808391
0.390000,2.808391
0.400000,2.816051
0.410000,2.810944
0.420000,2.813498
0.430000,2.816051
0.440000,2.813498
0.450000,2.828817
0.460000,2.826264
0.470000,2.833924
0.480000,2.836477
0.490000,2.849244
0.500000,2.851797
0.510000,2.859457
0.520000,2.869670
0.530000,2.882437
0.540000,2.918183
0.550000,2.946270
0.560000,2.987123
0.570000,3.045849
0.580000,3.147982
0.590000,3.224581
0.600000,3.275647
0.610000,3.336927
0.620000,3.426293
0.630000,3.505445
0.640000,3.456932
0.650000,3.487572
0.660000,3.497785
0.670000,3.490125
0.680000,3.490125
0.690000,3.474806
0.700000,3.449272
0.710000,3.428846
0.720000,3.408419
0.730000,3.395653
0.740000,3.372673
0.750000,3.362460
0.760000,3.336927
0.770000,3.321607
0.780000,3.319054
0.790000,3.278201
0.800000,3.234794
0.810000,3.193941
0.820000,3.176068
0.830000,3.122448
0.840000,3.084149
0.850000,3.033082
0.860000,3.004996
0.870000,2.989676
0.880000,2.959036
0.890000,2.936057
0.900000,2.910523
0.910000,2.887544
0.920000,2.884990
0.930000,2.874777
0.940000,2.864564
0.950000,2.859457
0.960000,2.851797
0.970000,2.856904
0.980000,2.862011
0.990000,2.856904
1.000000,2.851797
1.010000,2.859457
1.020000,2.864564
1.030000,2.862011
1.040000,2.879884
1.050000,2.887544
1.060000,2.905417
1.070000,2.923290
1.080000,2.946270
1.090000,2.969250
1.100000,2.989676
1.110000,3.002443
1.120000,3.033082
1.130000,3.043296
1.140000,3.061169
1.150000,3.086702
1.160000,3.178621
1.170000,3.176068
1.180000,3.229688
1.190000,3.275647
1.200000,3.334373
1.210000,3.456932
1.220000,3.426293
1.230000,3.479912
1.240000,3.633111
1.250000,3.890996
1.260000,4.082494
1.270000,4.120794
1.280000,4.820401
1.290000,3.612684
1.300000,3.625451
1.310000,3.617791
1.320000,3.584598
1.330000,3.561618
1.340000,3.548852
1.350000,3.561618
1.360000,3.574385
1.370000,3.574385
1.380000,3.451826
1.390000,3.423739
1.400000,3.398206
1.410000,3.357353
1.420000,3.313947
1.430000,3.273094
1.440000,3.245007
1.450000,3.193941
1.460000,3.165855
1.470000,3.160748
1.480000,3.099469
1.490000,3.091809
1.500000,3.061169
1.510000,3.040742
1.520000,3.022869
1.530000,3.010103
1.540000,2.999889
1.550000,2.992229
1.560000,2.987123
1.570000,2.984570
1.580000,2.974356
1.590000,2.984570
1.600000,2.992229
1.610000,2.999889
1.620000,3.017763
1.630000,3.010103
1.640000,3.015209
1.650000,3.025423
1.660000,3.035636
1.670000,3.030529
1.680000,3.043296
1.690000,3.048402
1.700000,3.063722
1.710000,3.086702
1.720000,3.096915
1.730000,3.117342
1.740000,3.130108
1.750000,3.150535
1.760000,3.181175
1.770000,3.211814
1.780000,3.239901
1.790000,3.283307
1.800000,3.326713
1.810000,3.362460
1.820000,3.413526
1.830000,3.454379
1.840000,3.490125
1.850000,3.551405
1.860000,3.628004
1.870000,3.599918
1.880000,3.592258
1.890000,3.559065
1.900000,3.536085
1.910000,3.520765
1.920000,3.515659
1.930000,3.482466
1.940000,3.459486
1.950000,3.441613
1.960000,3.418633
1.970000,3.400760
1.980000,3.362460
1.990000,3.334373
2.000000,3.298627
2.010000,3.270541
2.020000,3.229688
2.030000,3.186281
2.040000,3.165855
2.050000,3.125002
2.060000,3.102022
2.070000,3.079042
2.080000,3.045849
2.090000,3.033082
2.100000,3.020316
2.110000,3.015209
2.120000,2.997336
2.130000,3.002443
2.140000,3.002443
2.150000,2.999889
2.160000,3.007549
2.170000,3.002443
2.180000,3.004996
2.190000,3.010103
2.200000,3.025423
2.210000,3.030529
2.220000,3.043296
2.230000,3.068829
2.240000,3.096915
2.250000,3.125002
2.260000,3.153088
2.270000,3.188835
2.280000,3.232241
2.290000,3.278201
2.300000,3.336927
2.310000,3.403313
2.320000,3.444166
2.330000,3.500339
2.340000,3.658644
2.350000,4.031428
2.360000,3.719924
2.370000,4.212713
2.380000,4.151434
2.390000,4.090154
2.400000,4.161647
2.410000,4.123347
2.420000,3.576938
2.430000,3.538638
2.440000,3.479912
2.450000,3.446719
2.460000,3.413526
2.470000,3.387993
2.480000,3.365013
2.490000,3.334373
2.500000,3.303734
2.510000,3.273094
2.520000,3.229688
2.530000,3.193941
2.540000,3.165855
2.550000,3.135215
2.560000,3.153088
2.570000,3.102022
2.580000,3.086702
2.590000,3.081595
2.600000,3.084149
2.610000,3.079042
2.620000,3.068829
2.630000,3.071382
2.640000,3.066276
2.650000,3.066276
2.660000,3.061169
2.670000,3.050956
2.680000,3.053509
2.690000,3.053509
2.700000,3.061169
2.710000,3.061169
2.720000,3.061169
2.730000,3.058616
2.740000,3.076489
2.750000,3.073935
2.760000,3.089255
2.770000,3.104575
2.780000,3.127555
2.790000,3.158195
2.800000,3.206708
2.810000,3.257774
2.820000,3.303734
2.830000,3.342033
2.840000,3.400760
2.850000,3.439059
2.860000,3.479912
2.870000,3.643324
2.880000,3.656091
2.890000,3.605025
2.900000,3.684177
2.910000,4.825508
2.920000,3.592258
2.930000,3.592258
2.940000,3.594811
2.950000,3.579491
2.960000,3.594811
2.970000,3.541192
2.980000,3.561618
2.990000,3.507999
3.000000,3.477359
3.010000,3.502892
3.020000,3.431399
3.030000,3.398206
3.040000,3.362460
3.050000,3.339480
3.060000,3.311394
3.070000,3.283307
3.080000,3.262881
3.090000,3.229688
3.100000,3.199048
3.110000,3.178621
3.120000,3.158195
3.130000,3.132662
3.140000,3.112235
3.150000,3.119895
3.160000,3.086702
3.170000,3.076489
3.180000,3.066276
3.190000,3.061169
3.200000,3.050956
3.210000,3.056062
3.220000,3.045849
3.230000,3.050956
3.240000,3.048402
3.250000,3.066276
3.260000,3.079042
3.270000,3.079042
3.280000,3.096915
3.290000,3.099469
3.300000,3.112235
3.310000,3.122448
3.320000,3.117342
3.330000,3.122448
3.340000,3.119895
3.350000,3.137768
3.360000,3.147982
3.370000,3.186281
3.380000,3.229688
3.390000,3.285860
3.400000,3.331820
3.410000,3.382886
3.420000,3.428846
3.430000,3.474806
3.440000,3.622898
3.450000,3.602471
3.460000,3.625451
3.470000,3.673964
3.480000,3.645878
3.490000,3.628004
3.500000,3.617791
3.510000,3.587151
3.520000,3.587151
3.530000,3.510552
3.540000,3.469699
3.550000,3.428846
3.560000,3.400760
3.570000,3.359907
3.580000,3.336927
3.590000,3.301180
3.600000,3.267987
3.610000,3.237348
3.620000,3.216921
3.630000,3.188835
3.640000,3.173515
3.650000,3.147982
3.660000,3.132662
3.670000,3.112235
3.680000,3.165855
3.690000,3.102022
3.700000,3.063722
3.710000,3.056062
3.720000,3.045849
3.730000,3.045849
3.740000,3.035636
3.750000,3.030529
3.760000,3.025423
3.770000,3.015209
3.780000,3.012656
3.790000,3.010103
3.800000,3.004996
3.810000,3.017763
3.820000,3.017763
3.830000,3.004996
3.840000,3.010103
3.850000,3.002443
3.860000,3.015209
3.870000,3.010103
3.880000,3.012656
3.890000,3.010103
3.900000,3.012656
3.910000,3.022869
3.920000,3.027976
3.930000,3.027976
3.940000,3.025423
3.950000,3.040742
3.960000,3.053509
3.970000,3.058616
3.980000,3.071382
3.990000,3.094362
4.000000,3.109682
4.010000,3.140322
4.020000,3.183728
4.030000,3.222028
4.040000,3.262881
4.050000,3.308840
4.060000,3.334373
4.070000,3.377780
4.080000,3.405866
4.090000,3.421186
4.100000,3.446719
4.110000,3.449272
4.120000,3.454379
4.130000,3.472252
4.140000,3.477359
4.150000,3.472252
4.160000,3.467146
4.170000,3.472252
4.180000,3.469699
4.190000,3.459486
4.200000,3.469699
4.210000,3.451826
4.220000,3.462039
4.230000,3.451826
4.240000,3.449272
4.250000,3.444166
4.260000,3.428846
4.270000,3.426293
4.280000,3.426293
4.290000,3.405866
4.300000,3.390546
4.310000,3.372673
4.320000,3.352247
4.330000,3.313947
4.340000,3.273094
4.350000,3.247561
4.360000,3.211814
4.370000,3.173515
4.380000,3.142875
4.390000,3.199048
4.400000,3.107129
4.410000,3.071382
4.420000,3.040742
4.430000,3.030529
4.440000,3.010103
4.450000,3.012656
4.460000,3.002443
4.470000,3.002443
4.480000,2.992229
4.490000,2.999889
4.500000,2.997336
4.510000,2.997336
4.520000,3.002443
4.530000,2.997336
4.540000,2.997336
4.550000,3.007549
4.560000,3.007549
4.570000,3.020316
4.580000,3.020316
4.590000,3.030529
4.600000,3.035636
4.610000,3.040742
4.620000,3.040742
4.630000,3.050956
4.640000,3.058616
4.650000,3.066276
4.660000,3.073935
4.670000,3.091809
4.680000,3.104575
4.690000,3.114788
4.700000,3.147982
4.710000,3.173515
4.720000,3.224581
4.730000,3.265434
4.740000,3.316500
4.750000,3.367566
4.760000,3.410973
4.770000,3.456932
4.780000,3.492679
4.790000,3.605025
4.800000,3.564172
4.810000,3.561618
4.820000,3.543745
4.830000,3.528425
4.840000,3.546298
4.850000,3.497785
4.860000,3.472252
4.870000,3.505445
4.880000,3.441613
4.890000,3.433953
4.900000,3.405866
4.910000,3.382886
4.920000,3.352247
4.930000,3.319054
4.940000,3.280754
4.950000,3.255221
4.960000,3.227134
4.970000,3.206708
4.980000,3.170961
4.990000,3.153088
5.000000,3.135215
5.010000,3.216921
5.020000,3.114788
5.030000,3.109682
5.040000,3.091809
5.050000,3.066276
5.060000,3.096915
5.070000,3.061169
5.080000,3.053509
5.090000,3.045849
5.100000,3.043296
5.110000,3.043296
5.120000,3.035636
5.130000,3.035636
5.140000,3.033082
5.150000,3.035636
5.160000,3.048402
5.170000,3.045849
5.180000,3.050956
5.190000,3.045849
5.200000,3.048402
5.210000,3.053509
5.220000,3.058616
5.230000,3.058616
5.240000,3.063722
5.250000,3.073935
5.260000,3.084149
5.270000,3.096915
5.280000,3.107129
5.290000,3.132662
5.300000,3.160748
5.310000,3.201601
5.320000,3.262881
5.330000,3.301180
5.340000,3.359907
5.350000,3.408419
5.360000,3.459486
5.370000,3.505445
5.380000,3.635664
5.390000,3.617791
5.400000,4.815295
5.410000,4.141220
5.420000,3.640771
5.430000,3.643324
5.440000,3.633111
5.450000,3.602471
5.460000,3.602471
5.470000,3.942062
5.480000,3.607578
5.490000,3.546298
5.500000,3.497785
5.510000,3.482466
5.520000,3.433953
5.530000,3.459486
5.540000,3.385440
5.550000,3.357353
5.560000,3.331820
5.570000,3.306287
5.580000,3.267987
5.590000,3.242454
5.600000,3.222028
5.610000,3.204154
5.620000,3.183728
5.630000,3.155641
5.640000,3.137768
5.650000,3.125002
5.660000,3.099469
5.670000,3.073935
5.680000,3.066276
5.690000,3.058616
5.700000,3.040742
5.710000,3.040742
5.720000,3.030529
5.730000,3.033082
5.740000,3.025423
5.750000,3.027976
5.760000,3.020316
5.770000,3.025423
5.780000,3.020316
5.790000,3.020316
5.800000,3.017763
5.810000,3.020316
5.820000,3.025423
5.830000,3.017763
5.840000,3.025423
5.850000,3.025423
5.860000,3.030529
5.870000,3.027976
5.880000,3.038189
5.890000,3.050956
5.900000,3.053509
5.910000,3.063722
5.920000,3.089255
5.930000,3.117342
5.940000,3.158195
5.950000,3.214368
5.960000,3.260327
5.970000,3.313947
5.980000,3.357353
5.990000,3.385440
6.000000,3.431399
6.010000,3.467146
6.020000,3.523319
6.030000,3.523319
6.040000,3.541192
6.050000,3.574385
6.060000,3.548852
6.070000,3.530978
6.080000,3.502892
6.090000,3.479912
6.100000,3.464592
6.110000,3.454379
6.120000,3.482466
6.130000,3.416079
6.140000,3.387993
6.150000,3.362460
6.160000,3.331820
6.170000,3.301180
6.180000,3.270541
6.190000,3.224581
6.200000,3.196494
6.210000,3.165855
6.220000,3.140322
6.230000,3.224581
6.240000,3.102022
6.250000,3.089255
6.260000,3.089255
6.270000,3.102022
6.280000,3.038189
6.290000,3.030529
6.300000,3.035636
6.310000,3.027976
6.320000,3.025423
6.330000,3.025423
6.340000,3.027976
6.350000,3.033082
6.360000,3.033082
6.370000,3.020316
6.380000,3.020316
6.390000,3.030529
6.400000,3.020316
6.410000,3.025423
6.420000,3.030529
6.430000,3.027976
6.440000,3.038189
6.450000,3.045849
6.460000,3.050956
6.470000,3.063722
6.480000,3.079042
6.490000,3.107129
6.500000,3.145428
6.510000,3.191388
6.520000,3.234794
6.530000,3.280754
6.540000,3.339480
6.550000,3.380333
6.560000,3.433953
6.570000,3.462039
6.580000,3.510552
6.590000,3.530978
6.600000,3.970148
6.610000,4.307186
6.620000,4.192287
6.630000,4.079941
6.640000,3.589705
6.650000,3.525872
6.660000,3.479912
6.670000,3.449272
6.680000,3.436506
6.690000,3.403313
6.700000,3.393100
6.710000,3.370120
6.720000,3.357353
6.730000,3.347140
6.740000,3.336927
6.750000,3.321607
6.760000,3.290967
6.770000,3.267987
6.780000,3.247561
6.790000,3.219474
6.800000,3.191388
6.810000,3.170961
6.820000,3.153088
6.830000,3.145428
6.840000,3.132662
6.850000,3.132662
6.860000,3.183728
6.870000,3.135215
6.880000,3.084149
6.890000,3.068829
6.900000,3.061169
6.910000,3.076489
6.920000,3.076489
6.930000,3.058616
6.940000,3.053509
6.950000,3.045849
6.960000,3.045849
6.970000,3.040742
6.980000,3.035636
6.990000,3.035636
7.000000,3.038189
7.010000,3.040742
7.020000,3.050956
7.030000,3.063722
7.040000,3.081595
7.050000,3.112235
7.060000,3.147982
7.070000,3.191388
7.080000,3.247561
7.090000,3.306287
7.100000,3.359907
7.110000,3.410973
7.120000,3.449272
7.130000,3.538638
7.140000,3.515659
7.150000,3.633111
7.160000,3.605025
7.170000,3.622898
7.180000,3.605025
7.190000,3.630558
7.200000,3.582045
7.210000,3.571831
7.220000,3.561618
7.230000,3.510552
7.240000,3.487572
7.250000,3.479912
7.260000,3.474806
7.270000,3.454379
7.280000,3.479912
7.290000,3.405866
7.300000,3.393100
7.310000,3.357353
7.320000,3.334373
7.330000,3.290967
7.340000,3.275647
7.350000,3.247561
7.360000,3.211814
7.370000,3.201601
7.380000,3.168408
7.390000,3.145428
7.400000,3.137768
7.410000,3.127555
7.420000,3.112235
7.430000,3.089255
7.440000,3.081595
7.450000,3.112235
7.460000,3.053509
7.470000,3.050956
7.480000,3.043296
7.490000,3.040742
7.500000,3.043296
7.510000,3.030529
7.520000,3.038189
7.530000,3.038189
7.540000,3.038189
7.550000,3.033082
7.560000,3.038189
7.570000,3.043296
7.580000,3.050956
7.590000,3.048402
7.600000,3.063722
7.610000,3.079042
7.620000,3.102022
7.630000,3.132662
7.640000,3.188835
7.650000,3.245007
7.660000,3.280754
7.670000,3.336927
7.680000,3.382886
7.690000,3.436506
7.700000,3.472252
7.710000,3.513105
7.720000,3.587151
7.730000,3.714817
7.740000,3.574385
7.750000,3.579491
7.760000,3.571831
7.770000,3.569278
7.780000,3.541192
7.790000,3.576938
7.800000,3.564172
7.810000,3.525872
7.820000,3.502892
7.830000,3.474806
7.840000,3.462039
7.850000,3.441613
7.860000,3.431399
7.870000,3.400760
7.880000,3.375226
7.890000,3.349693
7.900000,3.321607
7.910000,3.285860
7.920000,3.260327
7.930000,3.234794
7.940000,3.206708
7.950000,3.183728
7.960000,3.160748
7.970000,3.140322
7.980000,3.137768
7.990000,3.112235
8.000000,3.079042
8.010000,3.084149
8.020000,3.053509
8.030000,3.050956
8.040000,3.043296
8.050000,3.033082
8.060000,3.035636
8.070000,3.040742
8.080000,3.035636
8.090000,3.040742
8.100000,3.043296
8.110000,3.045849
8.120000,3.056062
8.130000,3.066276
8.140000,3.091809
8.150000,3.114788
8.160000,3.147982
8.170000,3.191388
8.180000,3.229688
8.190000,3.267987
8.200000,3.308840
8.210000,3.349693
8.220000,3.395653
8.230000,3.441613
8.240000,3.472252
8.250000,3.510552
8.260000,3.681624
8.270000,3.628004
8.280000,3.620344
8.290000,4.108027
8.300000,3.980362
8.310000,3.965042
8.320000,3.959935
8.330000,3.977808
8.340000,4.036534
8.350000,3.913975
8.360000,3.546298
8.370000,3.561618
8.380000,3.515659
8.390000,3.505445
8.400000,3.538638
8.410000,3.459486
8.420000,3.439059
8.430000,3.416079
8.440000,3.390546
8.450000,3.354800
8.460000,3.316500
8.470000,3.285860
8.480000,3.245007
8.490000,3.206708
8.500000,3.183728
8.510000,3.150535
8.520000,3.178621
8.530000,3.135215
8.540000,3.091809
8.550000,3.081595
8.560000,3.076489
8.570000,3.071382
8.580000,3.068829
8.590000,3.063722
8.600000,3.061169
8.610000,3.063722
8.620000,3.058616
8.630000,3.058616
8.640000,3.056062
8.650000,3.056062
8.660000,3.048402
8.670000,3.048402
8.680000,3.061169
8.690000,3.073935
8.700000,3.091809
8.710000,3.107129
8.720000,3.135215
8.730000,3.170961
8.740000,3.214368
8.750000,3.257774
8.760000,3.306287
8.770000,3.344587
8.780000,3.382886
8.790000,3.431399
8.800000,3.469699
8.810000,3.510552
8.820000,3.622898
8.830000,4.064621
8.840000,3.673964
8.850000,3.676517
8.860000,4.046748
8.870000,4.046748
8.880000,3.571831
8.890000,3.589705
8.900000,3.538638
8.910000,3.553958
8.920000,3.543745
8.930000,3.538638
8.940000,3.518212
8.950000,3.477359
8.960000,3.456932
8.970000,3.444166
8.980000,3.416079
8.990000,3.393100
9.000000,3.367566
9.010000,3.344587
9.020000,3.329267
9.030000,3.308840
9.040000,3.273094
9.050000,3.250114
9.060000,3.211814
9.070000,3.188835
9.080000,3.165855
9.090000,3.142875
9.100000,3.196494
9.110000,3.104575
9.120000,3.096915
9.130000,3.091809
9.140000,3.079042
9.150000,3.089255
9.160000,3.081595
9.170000,3.084149
9.180000,3.091809
9.190000,3.084149
9.200000,3.084149
9.210000,3.086702
9.220000,3.076489
9.230000,3.071382
9.240000,3.071382
9.250000,3.084149
9.260000,3.076489
9.270000,3.076489
9.280000,3.081595
9.290000,3.094362
9.300000,3.099469
9.310000,3.112235
9.320000,3.130108
9.330000,3.150535
9.340000,3.155641
9.350000,3.176068
9.360000,3.201601
9.370000,3.239901
9.380000,3.275647
9.390000,3.298627
9.400000,3.334373
9.410000,3.375226
9.420000,3.400760
9.430000,3.436506
9.440000,3.479912
9.450000,3.507999
9.460000,3.528425
9.470000,3.650984
9.480000,3.612684
9.490000,3.597365
9.500000,3.622898
9.510000,3.607578
9.520000,3.592258
9.530000,3.584598
9.540000,3.582045
9.550000,3.579491
9.560000,3.566725
9.570000,3.561618
9.580000,3.589705
9.590000,3.599918
9.600000,3.523319
9.610000,3.500339
9.620000,3.485019
9.630000,3.459486
9.640000,3.433953
9.650000,3.413526
9.660000,3.377780
9.670000,3.352247
9.680000,3.321607
9.690000,3.293520
9.700000,3.262881
9.710000,3.224581
9.720000,3.193941
9.730000,3.191388
9.740000,3.160748
9.750000,3.150535
9.760000,3.140322
9.770000,3.132662
9.780000,3.132662
9.790000,3.130108
9.800000,3.125002
9.810000,3.125002
9.820000,3.119895
9.830000,3.132662
9.840000,3.170961
9.850000,3.153088
9.860000,3.153088
9.870000,3.135215
9.880000,3.119895
9.890000,3.117342
9.900000,3.130108
9.910000,3.137768
9.920000,3.140322
9.930000,3.155641
9.940000,3.178621
9.950000,3.209261
9.960000,3.245007
9.970000,3.288414
9.980000,3.316500
9.990000,3.354800
10.000000,3.398206
10.010000,3.426293
10.020000,3.456932
10.030000,3.520765
10.040000,3.510552
10.050000,3.561618
10.060000,3.584598
10.070000,3.607578
10.080000,3.635664
10.090000,3.929295
10.100000,3.607578
10.110000,3.602471
10.120000,3.615238
10.130000,3.612684
10.140000,3.602471
10.150000,3.592258
10.160000,3.594811
10.170000,3.571831
10.180000,3.617791
10.190000,3.717370
10.200000,3.518212
10.210000,3.495232
10.220000,3.464592
10.230000,3.441613
10.240000,3.408419
10.250000,3.390546
10.260000,3.354800
10.270000,3.344587
10.280000,3.308840
10.290000,3.288414
10.300000,3.267987
10.310000,3.252667
10.320000,3.232241
10.330000,3.216921
10.340000,3.209261
10.350000,3.188835
10.360000,3.176068
10.370000,3.160748
10.380000,3.160748
10.390000,3.163301
10.400000,3.155641
10.410000,3.155641
10.420000,3.155641
10.430000,3.150535
10.440000,3.155641
10.450000,3.165855
10.460000,3.168408
10.470000,3.163301
10.480000,3.170961
10.490000,3.183728
10.500000,3.191388
10.510000,3.201601
10.520000,3.219474
10.530000,3.242454
10.540000,3.262881
10.550000,3.285860
10.560000,3.319054
10.570000,3.347140
10.580000,3.385440
10.590000,3.418633
10.600000,3.446719
10.610000,3.485019
10.620000,3.518212
10.630000,3.584598
10.640000,3.582045
10.650000,3.643324
10.660000,3.679071
10.670000,4.087601
10.680000,4.820401
10.690000,4.828061
10.700000,4.825508
10.710000,4.000788
10.720000,4.036534
10.730000,4.056961
10.740000,4.005895
10.750000,3.582045
10.760000,3.610131
10.770000,3.612684
10.780000,3.507999
10.790000,3.495232
10.800000,3.505445
10.810000,3.490125
10.820000,3.421186
10.830000,3.408419
10.840000,3.387993
10.850000,3.365013
10.860000,3.342033
10.870000,3.319054
10.880000,3.296074
10.890000,3.283307
10.900000,3.267987
10.910000,3.255221
10.920000,3.239901
10.930000,3.234794
10.940000,3.224581
10.950000,3.214368
10.960000,3.193941
10.970000,3.186281
10.980000,3.178621
10.990000,3.170961
11.000000,3.170961
11.010000,3.170961
11.020000,3.163301
11.030000,3.155641
11.040000,3.165855
11.050000,3.168408
11.060000,3.176068
11.070000,3.181175
11.080000,3.199048
11.090000,3.204154
11.100000,3.224581
11.110000,3.234794
11.120000,3.252667
11.130000,3.275647
11.140000,3.301180
11.150000,3.342033
11.160000,3.372673
11.170000,3.400760
11.180000,3.418633
11.190000,3.446719
11.200000,3.541192
11.210000,3.546298
11.220000,3.530978
11.230000,3.584598
11.240000,3.594811
11.250000,3.594811
11.260000,3.579491
11.270000,3.564172
11.280000,3.538638
11.290000,3.530978
11.300000,3.515659
11.310000,3.507999
11.320000,3.502892
11.330000,3.502892
11.340000,3.525872
11.350000,3.469699
11.360000,3.513105
11.370000,3.433953
11.380000,3.403313
11.390000,3.377780
11.400000,3.354800
11.410000,3.336927
11.420000,3.313947
11.430000,3.290967
11.440000,3.267987
11.450000,3.247561
11.460000,3.214368
11.470000,3.186281
11.480000,3.160748
11.490000,3.135215
11.500000,3.193941
11.510000,3.104575
11.520000,3.112235
11.530000,3.086702
11.540000,3.086702
11.550000,3.079042
11.560000,3.086702
11.570000,3.068829
11.580000,3.076489
11.590000,3.084149
11.600000,3.081595
11.610000,3.084149
11.620000,3.091809
11.630000,3.107129
11.640000,3.183728
11.650000,3.117342
11.660000,3.132662
11.670000,3.155641
11.680000,3.168408
11.690000,3.204154
11.700000,3.219474
11.710000,3.255221
11.720000,3.288414
11.730000,3.316500
11.740000,3.352247
11.750000,3.382886
11.760000,3.418633
11.770000,3.449272
11.780000,3.485019
11.790000,3.569278
11.800000,3.536085
11.810000,3.587151
11.820000,3.625451
11.830000,3.656091
11.840000,4.825508
11.850000,3.584598
11.860000,3.571831
11.870000,3.559065
11.880000,3.645878
11.890000,3.607578
11.900000,3.523319
11.910000,3.507999
11.920000,3.497785
11.930000,3.520765
11.940000,3.518212
11.950000,3.426293
11.960000,3.408419
11.970000,3.372673
11.980000,3.352247
11.990000,3.324160
12.000000,3.298627
12.010000,3.280754
12.020000,3.257774
12.030000,3.245007
12.040000,3.216921
12.050000,3.201601
12.060000,3.181175
12.070000,3.170961
12.080000,3.150535
12.090000,3.150535
12.100000,3.132662
12.110000,3.122448
12.120000,3.122448
12.130000,3.127555
12.140000,3.119895
12.150000,3.125002
12.160000,3.114788
12.170000,3.125002
12.180000,3.132662
12.190000,3.135215
12.200000,3.147982
12.210000,3.155641
12.220000,3.163301
12.230000,3.181175
12.240000,3.204154
12.250000,3.232241
12.260000,3.265434
12.270000,3.288414
12.280000,3.331820
12.290000,3.359907
12.300000,3.400760
12.310000,3.436506
12.320000,3.482466
12.330000,3.502892
12.340000,3.684177
12.350000,3.668857
12.360000,3.931849
12.370000,4.822955
12.380000,3.668857
12.390000,3.671411
12.400000,3.666304
12.410000,3.594811
12.420000,3.582045
12.430000,3.576938
12.440000,3.576938
12.450000,3.561618
12.460000,3.584598
12.470000,3.633111
12.480000,3.617791
12.490000,3.541192
12.500000,3.536085
12.510000,3.500339
12.520000,3.439059
12.530000,3.405866
12.540000,3.380333
12.550000,3.354800
12.560000,3.331820
12.570000,3.298627
12.580000,3.280754
12.590000,3.257774
12.600000,3.234794
12.610000,3.201601
12.620000,3.186281
12.630000,3.170961
12.640000,3.165855
12.650000,3.150535
12.660000,3.142875
12.670000,3.140322
12.680000,3.142875
12.690000,3.140322
12.700000,3.137768
12.710000,3.130108
12.720000,3.127555
12.730000,3.122448
12.740000,3.112235
12.750000,3.109682
12.760000,3.112235
12.770000,3.117342
12.780000,3.112235
12.790000,3.109682
12.800000,3.114788
12.810000,3.127555
12.820000,3.137768
12.830000,3.150535
12.840000,3.165855
12.850000,3.168408
12.860000,3.181175
12.870000,3.188835
12.880000,3.201601
12.890000,3.209261
12.900000,3.227134
12.910000,3.239901
12.920000,3.262881
12.930000,3.275647
12.940000,3.311394
12.950000,3.342033
12.960000,3.385440
12.970000,3.418633
12.980000,3.441613
12.990000,3.477359
13.000000,3.513105
13.010000,3.576938
13.020000,3.561618
13.030000,3.592258
13.040000,3.584598
13.050000,3.594811
13.060000,3.592258
13.070000,3.579491
13.080000,3.559065
13.090000,3.597365
13.100000,3.576938
13.110000,3.589705
13.120000,3.510552
13.130000,3.510552
13.140000,3.530978
13.150000,3.449272
13.160000,3.433953
13.170000,3.408419
13.180000,3.380333
13.190000,3.367566
13.200000,3.336927
13.210000,3.298627
13.220000,3.265434
13.230000,3.237348
13.240000,3.204154
13.250000,3.181175
13.260000,3.158195
13.270000,3.142875
13.280000,3.206708
13.290000,3.135215
13.300000,3.102022
13.310000,3.102022
13.320000,3.086702
13.330000,3.089255
13.340000,3.089255
13.350000,3.086702
13.360000,3.086702
13.370000,3.079042
13.380000,3.073935
13.390000,3.091809
13.400000,3.102022
13.410000,3.114788
13.420000,3.127555
13.430000,3.153088
13.440000,3.173515
13.450000,3.193941
13.460000,3.229688
13.470000,3.252667
13.480000,3.288414
13.490000,3.316500
13.500000,3.344587
13.510000,3.377780
13.520000,3.398206
13.530000,3.418633
13.540000,3.446719
13.550000,3.474806
13.560000,3.490125
13.570000,3.525872
13.580000,3.640771
13.590000,3.668857
13.600000,3.592258
13.610000,3.658644
13.620000,3.661197
13.630000,3.640771
13.640000,3.628004
13.650000,3.587151
13.660000,3.564172
13.670000,3.553958
13.680000,3.533532
13.690000,3.528425
13.700000,3.571831
13.710000,3.525872
13.720000,3.518212
13.730000,3.495232
13.740000,3.510552
13.750000,3.439059
13.760000,3.459486
13.770000,3.393100
13.780000,3.367566
13.790000,3.344587
13.800000,3.313947
13.810000,3.303734
13.820000,3.273094
13.830000,3.257774
13.840000,3.237348
13.850000,3.222028
13.860000,3.201601
13.870000,3.191388
13.880000,3.163301
13.890000,3.165855
13.900000,3.145428
13.910000,3.153088
13.920000,3.137768
13.930000,3.142875
13.940000,3.140322
13.950000,3.140322
13.960000,3.147982
13.970000,3.150535
13.980000,3.140322
13.990000,3.147982
14.000000,3.142875
14.010000,3.153088
14.020000,3.160748
14.030000,3.150535
14.040000,3.163301
14.050000,3.163301
14.060000,3.178621
14.070000,3.173515
14.080000,3.193941
14.090000,3.204154
14.100000,3.201601
14.110000,3.224581
14.120000,3.242454
14.130000,3.257774
14.140000,3.296074
14.150000,3.326713
14.160000,3.347140
14.170000,3.370120
14.180000,3.413526
14.190000,3.436506
14.200000,3.469699
14.210000,3.495232
14.220000,3.561618
14.230000,3.592258
14.240000,3.602471
14.250000,3.548852
14.260000,3.579491
14.270000,3.633111
14.280000,3.661197
14.290000,3.615238
14.300000,3.592258
14.310000,3.571831
14.320000,3.569278
14.330000,3.561618
14.340000,3.525872
14.350000,3.515659
14.360000,3.507999
14.370000,3.518212
14.380000,3.515659
14.390000,3.523319
14.400000,3.456932
14.410000,3.439059
14.420000,3.451826
14.430000,3.405866
14.440000,3.387993
14.450000,3.357353
14.460000,3.339480
14.470000,3.313947
14.480000,3.296074
14.490000,3.262881
14.500000,3.234794
14.510000,3.211814
14.520000,3.193941
14.530000,3.181175
14.540000,3.170961
14.550000,3.158195
14.560000,3.142875
14.570000,3.142875
14.580000,3.135215
14.590000,3.125002
14.600000,3.168408
14.610000,3.132662
14.620000,3.137768
14.630000,3.132662
14.640000,3.125002
14.650000,3.127555
14.660000,3.132662
14.670000,3.135215
14.680000,3.135215
14.690000,3.147982
14.700000,3.135215
14.710000,3.137768
14.720000,3.150535
14.730000,3.122448
14.740000,3.130108
14.750000,3.130108
14.760000,3.147982
14.770000,3.153088
14.780000,3.176068
14.790000,3.183728
14.800000,3.206708
14.810000,3.242454
14.820000,3.262881
14.830000,3.296074
14.840000,3.329267
14.850000,3.372673
14.860000,3.393100
14.870000,3.439059
14.880000,3.469699
14.890000,3.500339
14.900000,3.571831
14.910000,3.847589
14.920000,3.998235
14.930000,3.661197
14.940000,3.617791
14.950000,3.579491
14.960000,3.569278
14.970000,3.525872
14.980000,3.510552
14.990000,3.495232
15.000000,3.487572
15.010000,3.500339
15.020000,3.449272
15.030000,3.462039
15.040000,3.416079
15.050000,3.403313
15.060000,3.372673
15.070000,3.352247
15.080000,3.339480
15.090000,3.321607
15.100000,3.296074
15.110000,3.283307
15.120000,3.275647
15.130000,3.255221
15.140000,3.245007
15.150000,3.234794
15.160000,3.234794
15.170000,3.222028
15.180000,3.224581
15.190000,3.229688
15.200000,3.209261
15.210000,3.216921
15.220000,3.199048
15.230000,3.199048
15.240000,3.183728
15.250000,3.193941
15.260000,3.173515
15.270000,3.183728
15.280000,3.173515
15.290000,3.176068
15.300000,3.160748
15.310000,3.168408
15.320000,3.155641
15.330000,3.150535
15.340000,3.155641
15.350000,3.140322
15.360000,3.145428
15.370000,3.137768
15.380000,3.150535
15.390000,3.145428
15.400000,3.165855
15.410000,3.193941
15.420000,3.237348
15.430000,3.280754
15.440000,3.326713
15.450000,3.367566
15.460000,3.410973
15.470000,3.446719
15.480000,3.490125
15.490000,3.579491
15.500000,3.727584
15.510000,3.926742
15.520000,3.967595
15.530000,4.056961
15.540000,4.044194
15.550000,3.954828
15.560000,3.880782
15.570000,3.832269
15.580000,3.845036
15.590000,3.602471
15.600000,3.556512
15.610000,3.507999
15.620000,3.538638
15.630000,3.520765
15.640000,3.459486
15.650000,3.500339
15.660000,3.408419
15.670000,3.382886
15.680000,3.367566
15.690000,3.339480
15.700000,3.316500
15.710000,3.296074
15.720000,3.265434
15.730000,3.245007
15.740000,3.227134
15.750000,3.209261
15.760000,3.206708
15.770000,3.181175
15.780000,3.178621
15.790000,3.170961
15.800000,3.168408
15.810000,3.163301
15.820000,3.145428
15.830000,3.140322
15.840000,3.150535
15.850000,3.147982
15.860000,3.137768
15.870000,3.163301
15.880000,3.173515
15.890000,3.150535
15.900000,3.155641
15.910000,3.142875
15.920000,3.147982
15.930000,3.125002
15.940000,3.112235
15.950000,3.102022
15.960000,3.112235
15.970000,3.099469
15.980000,3.102022
15.990000,3.102022
16.000000,3.109682
16.010000,3.114788
16.020000,3.117342
16.030000,3.147982
16.040000,3.170961
16.050000,3.206708
16.060000,3.255221
16.070000,3.290967
16.080000,3.336927
16.090000,3.372673
16.100000,3.418633
16.110000,3.459486
16.120000,3.556512
16.130000,3.579491
16.140000,3.686731
16.150000,3.617791
16.160000,3.694391
16.170000,3.617791
16.180000,3.617791
16.190000,3.610131
16.200000,3.599918
16.210000,3.582045
16.220000,3.610131
16.230000,3.592258
16.240000,3.594811
16.250000,3.559065
16.260000,3.490125
16.270000,3.507999
16.280000,3.444166
16.290000,3.416079
16.300000,3.382886
16.310000,3.357353
16.320000,3.342033
16.330000,3.303734
16.340000,3.293520
16.350000,3.262881
16.360000,3.250114
16.370000,3.227134
16.380000,3.214368
16.390000,3.201601
16.400000,3.173515
16.410000,3.155641
16.420000,3.170961
16.430000,3.186281
16.440000,3.204154
16.450000,3.104575
16.460000,3.096915
16.470000,3.089255
16.480000,3.096915
16.490000,3.089255
16.500000,3.079042
16.510000,3.086702
16.520000,3.081595
16.530000,3.079042
16.540000,3.073935
16.550000,3.084149
16.560000,3.079042
16.570000,3.071382
16.580000,3.079042
16.590000,3.073935
16.600000,3.079042
16.610000,3.086702
16.620000,3.153088
16.630000,3.119895
16.640000,3.178621
16.650000,3.140322
16.660000,3.147982
16.670000,3.168408
16.680000,3.191388
16.690000,3.219474
16.700000,3.237348
16.710000,3.270541
16.720000,3.303734
16.730000,3.334373
16.740000,3.365013
16.750000,3.408419
16.760000,3.433953
16.770000,3.472252
16.780000,3.497785
16.790000,3.533532
16.800000,3.658644
16.810000,3.571831
16.820000,3.653537
16.830000,3.908869
16.840000,4.072281
16.850000,3.661197
16.860000,3.633111
16.870000,3.620344
16.880000,3.947168
16.890000,3.536085
16.900000,3.500339
16.910000,3.530978
16.920000,3.482466
16.930000,3.446719
16.940000,3.439059
16.950000,3.405866
16.960000,3.390546
16.970000,3.375226
16.980000,3.352247
16.990000,3.329267
17.000000,3.301180
17.010000,3.283307
17.020000,3.265434
17.030000,3.239901
17.040000,3.222028
17.050000,3.209261
17.060000,3.191388
17.070000,3.183728
17.080000,3.176068
17.090000,3.155641
17.100000,3.160748
17.110000,3.147982
17.120000,3.142875
17.130000,3.127555
17.140000,3.132662
17.150000,3.127555
17.160000,3.186281
17.170000,3.147982
17.180000,3.096915
17.190000,3.086702
17.200000,3.081595
17.210000,3.086702
17.220000,3.084149
17.230000,3.079042
17.240000,3.068829
17.250000,3.079042
17.260000,3.066276
17.270000,3.068829
17.280000,3.068829
17.290000,3.066276
17.300000,3.073935
17.310000,3.066276
17.320000,3.073935
17.330000,3.063722
17.340000,3.079042
17.350000,3.073935
17.360000,3.089255
17.370000,3.132662
17.380000,3.096915
17.390000,3.096915
17.400000,3.109682
17.410000,3.132662
17.420000,3.135215
17.430000,3.163301
17.440000,3.199048
17.450000,3.234794
17.460000,3.270541
17.470000,3.316500
17.480000,3.357353
17.490000,3.377780
17.500000,3.408419
17.510000,3.439059
17.520000,3.462039
17.530000,3.474806
17.540000,3.482466
17.550000,3.520765
17.560000,3.530978
17.570000,3.490125
17.580000,3.485019
17.590000,3.469699
17.600000,3.474806
17.610000,3.456932
17.620000,3.464592
17.630000,3.456932
17.640000,3.459486
17.650000,3.446719
17.660000,3.444166
17.670000,3.433953
17.680000,3.431399
17.690000,3.418633
17.700000,3.395653
17.710000,3.385440
17.720000,3.375226
17.730000,3.357353
17.740000,3.326713
17.750000,3.319054
17.760000,3.293520
17.770000,3.273094
17.780000,3.247561
17.790000,3.232241
17.800000,3.199048
17.810000,3.183728
17.820000,3.160748
17.830000,3.130108
17.840000,3.214368
17.850000,3.178621
17.860000,3.107129
17.870000,3.081595
17.880000,3.073935
17.890000,3.076489
17.900000,3.066276
17.910000,3.058616
17.920000,3.053509
17.930000,3.043296
17.940000,3.025423
17.950000,3.025423
17.960000,3.015209
17.970000,3.007549
17.980000,3.004996
17.990000,3.002443
18.000000,2.994783
18.010000,2.997336
18.020000,3.004996
18.030000,2.997336
18.040000,2.994783
18.050000,2.994783
18.060000,2.999889
18.070000,2.999889
18.080000,3.007549
18.090000,3.010103
18.100000,3.027976
18.110000,3.056062
18.120000,3.068829
18.130000,3.089255
18.140000,3.107129
18.150000,3.135215
18.160000,3.183728
18.170000,3.191388
18.180000,3.222028
18.190000,3.260327
18.200000,3.311394
18.210000,3.349693
18.220000,3.382886
18.230000,3.436506
18.240000,3.474806
18.250000,3.497785
18.260000,3.520765
18.270000,3.589705
18.280000,3.561618
18.290000,3.564172
18.300000,3.556512
18.310000,3.533532
18.320000,3.515659
18.330000,3.502892
18.340000,3.507999
18.350000,3.500339
18.360000,3.505445
18.370000,3.507999
18.380000,3.505445
18.390000,3.477359
18.400000,3.469699
18.410000,3.497785
18.420000,3.439059
18.430000,3.423739
18.440000,3.408419
18.450000,3.385440
18.460000,3.375226
18.470000,3.349693
18.480000,3.336927
18.490000,3.319054
18.500000,3.311394
18.510000,3.283307
18.520000,3.255221
18.530000,3.229688
18.540000,3.222028
18.550000,3.204154
18.560000,3.176068
18.570000,3.165855
18.580000,3.168408
18.590000,3.153088
18.600000,3.150535
18.610000,3.137768
18.620000,3.142875
18.630000,3.119895
18.640000,3.119895
18.650000,3.125002
18.660000,3.102022
18.670000,3.096915
18.680000,3.094362
18.690000,3.091809
18.700000,3.091809
18.710000,3.091809
18.720000,3.102022
18.730000,3.153088
18.740000,3.140322
18.750000,3.163301
18.760000,3.193941
18.770000,3.232241
18.780000,3.265434
18.790000,3.290967
18.800000,3.324160
18.810000,3.357353
18.820000,3.380333
18.830000,3.408419
18.840000,3.451826
18.850000,3.462039
18.860000,3.518212
18.870000,3.502892
18.880000,3.523319
18.890000,3.559065
18.900000,3.548852
18.910000,3.574385
18.920000,3.546298
18.930000,3.541192
18.940000,3.536085
18.950000,3.541192
18.960000,3.538638
18.970000,3.533532
18.980000,3.530978
18.990000,3.530978
19.000000,3.533532
19.010000,3.530978
19.020000,3.530978
19.030000,3.518212
19.040000,3.502892
19.050000,3.490125
19.060000,3.492679
19.070000,3.469699
19.080000,3.497785
19.090000,3.428846
19.100000,3.418633
19.110000,3.395653
19.120000,3.375226
19.130000,3.357353
19.140000,3.334373
19.150000,3.319054
19.160000,3.301180
19.170000,3.280754
19.180000,3.262881
19.190000,3.245007
19.200000,3.237348
19.210000,3.216921
19.220000,3.204154
19.230000,3.191388
19.240000,3.186281
19.250000,3.163301
19.260000,3.163301
19.270000,3.147982
19.280000,3.135215
19.290000,3.130108
19.300000,3.132662
19.310000,3.130108
19.320000,3.125002
19.330000,3.155641
19.340000,3.114788
19.350000,3.107129
19.360000,3.099469
19.370000,3.096915
19.380000,3.102022
19.390000,3.104575
19.400000,3.099469
19.410000,3.102022
19.420000,3.107129
19.430000,3.122448
19.440000,3.142875
19.450000,3.150535
19.460000,3.168408
19.470000,3.191388
19.480000,3.234794
19.490000,3.267987
19.500000,3.298627
19.510000,3.334373
19.520000,3.365013
19.530000,3.403313
19.540000,3.431399
19.550000,3.449272
19.560000,3.469699
19.570000,3.492679
19.580000,3.548852
19.590000,3.500339
19.600000,3.502892
19.610000,3.505445
19.620000,3.523319
19.630000,3.561618
19.640000,3.579491
19.650000,3.564172
19.660000,3.553958
19.670000,3.597365
19.680000,3.699497
19.690000,3.725030
19.700000,3.653537
19.710000,3.640771
19.720000,3.617791
19.730000,3.597365
19.740000,3.594811
19.750000,3.582045
19.760000,3.556512
19.770000,3.548852
19.780000,3.518212
19.790000,3.533532
19.800000,3.492679
19.810000,3.467146
19.820000,3.444166
19.830000,3.423739
19.840000,3.400760
19.850000,3.372673
19.860000,3.362460
19.870000,3.334373
19.880000,3.308840
19.890000,3.290967
19.900000,3.265434
19.910000,3.239901
19.920000,3.219474
19.930000,3.199048
19.940000,3.181175
19.950000,3.170961
19.960000,3.163301
19.970000,3.160748
19.980000,3.147982
19.990000,3.132662
20.000000,3.181175
20.010000,3.122448
20.020000,3.122448
20.030000,3.119895
20.040000,3.114788
20.050000,3.117342
20.060000,3.117342
20.070000,3.125002
20.080000,3.130108
20.090000,3.125002
20.100000,3.135215
20.110000,3.153088
20.120000,3.150535
20.130000,3.173515
20.140000,3.196494
20.150000,3.232241
20.160000,3.265434
20.170000,3.311394
20.180000,3.352247
20.190000,3.382886
20.200000,3.426293
20.210000,3.474806
20.220000,3.507999
20.230000,3.582045
20.240000,3.548852
20.250000,3.656091
20.260000,3.707157
20.270000,3.760777
20.280000,3.719924
20.290000,3.719924
20.300000,3.704604
20.310000,3.717370
20.320000,3.725030
20.330000,3.694391
20.340000,3.691837
20.350000,3.691837
20.360000,3.694391
20.370000,3.610131
20.380000,3.612684
20.390000,3.523319
20.400000,3.510552
20.410000,3.495232
20.420000,3.479912
20.430000,3.459486
20.440000,3.507999
20.450000,3.436506
20.460000,3.418633
20.470000,3.395653
20.480000,3.380333
20.490000,3.370120
20.500000,3.344587
20.510000,3.319054
20.520000,3.296074
20.530000,3.255221
20.540000,3.229688
20.550000,3.209261
20.560000,3.176068
20.570000,3.155641
20.580000,3.140322
20.590000,3.135215
20.600000,3.155641
20.610000,3.122448
20.620000,3.112235
20.630000,3.109682
20.640000,3.122448
20.650000,3.122448
20.660000,3.109682
20.670000,3.107129
20.680000,3.099469
20.690000,3.099469
20.700000,3.117342
20.710000,3.137768
20.720000,3.163301
20.730000,3.193941
20.740000,3.239901
20.750000,3.283307
20.760000,3.316500
20.770000,3.349693
20.780000,3.390546
20.790000,3.421186
20.800000,3.472252
20.810000,3.510552
20.820000,3.533532
20.830000,3.638218
20.840000,4.199946
20.850000,3.990575
20.860000,4.090154
20.870000,3.712264
20.880000,3.707157
20.890000,3.699497
20.900000,3.707157
20.910000,3.684177
20.920000,3.676517
20.930000,3.661197
20.940000,3.656091
20.950000,3.666304
20.960000,3.650984
20.970000,3.643324
20.980000,3.643324
20.990000,3.622898
21.000000,3.712264
21.010000,3.691837
21.020000,3.561618
21.030000,3.485019
21.040000,3.451826
21.050000,3.439059
21.060000,3.405866
21.070000,3.393100
21.080000,3.380333
21.090000,3.359907
21.100000,3.352247
21.110000,3.339480
21.120000,3.316500
21.130000,3.301180
21.140000,3.275647
21.150000,3.265434
21.160000,3.252667
21.170000,3.237348
21.180000,3.232241
21.190000,3.216921
21.200000,3.211814
21.210000,3.206708
21.220000,3.199048
21.230000,3.186281
21.240000,3.183728
21.250000,3.165855
21.260000,3.170961
21.270000,3.168408
21.280000,3.153088
21.290000,3.158195
21.300000,3.158195
21.310000,3.158195
21.320000,3.160748
21.330000,3.160748
21.340000,3.158195
21.350000,3.155641
21.360000,3.160748
21.370000,3.158195
21.380000,3.153088
21.390000,3.147982
21.400000,3.137768
21.410000,3.140322
21.420000,3.142875
21.430000,3.127555
21.440000,3.132662
21.450000,3.127555
21.460000,3.125002
21.470000,3.127555
21.480000,3.173515
21.490000,3.183728
21.500000,3.163301
21.510000,3.147982
21.520000,3.178621
21.530000,3.150535
21.540000,3.153088
21.550000,3.163301
21.560000,3.107129
21.570000,3.086702
21.580000,3.081595
21.590000,3.073935
